<html>
<head><meta charset="utf-8" /></head>
<body>
<div>
    <script src="https://cdnjs.cloudflare.com/ajax/libs/mathjax/2.7.5/MathJax.js?config=TeX-AMS-MML_SVG"></script>
    <script type="text/javascript">
window.PlotlyConfig = {MathJaxConfig: 'local'};
</script>
<script src="https://cdn.plot.ly/plotly-2.33.0.min.js"></script>

    <div
        id=c8389116-7f73-490e-b884-586129416977
        class="plotly-graph-div"
        style="height:100%; width:100%;">
    </div>
    <script type="text/javascript">
        
        window.PLOTLYENV = window.PLOTLYENV || {}
        
        if (document.getElementById('c8389116-7f73-490e-b884-586129416977')) {
    Plotly.newPlot(
        'c8389116-7f73-490e-b884-586129416977',
        [{"y":[-3.0,-2.8,-2.6,-2.4,-2.2,-2.0,-1.8,-1.6,-1.4,-1.2,-1.0,-0.8,-0.6,-0.4,-0.2,0.0,0.2,0.4,0.6,0.8,1.0,1.2,1.4,1.6,1.8,2.0,2.2,2.4,2.6,2.8,3.0],"type":"surface","colorscale":"Ice","z":[[-14.0,-12.84,-11.759999,-10.76,-9.84,-9.0,-8.24,-7.5600004,-6.96,-6.4400005,-6.0,-5.6400003,-5.3599997,-5.16,-5.04,-5.0,-5.04,-5.16,-5.3599997,-5.6400003,-6.0,-6.4400005,-6.96,-7.5600004,-8.24,-9.0,-9.84,-10.76,-11.759999,-12.84,-14.0],[-12.84,-11.679999,-10.599998,-9.6,-8.68,-7.84,-7.08,-6.3999996,-5.799999,-5.2799997,-4.84,-4.4799995,-4.2,-3.9999995,-3.8799996,-3.8399997,-3.8799996,-3.9999995,-4.2,-4.4799995,-4.84,-5.2799997,-5.799999,-6.3999996,-7.08,-7.84,-8.68,-9.6,-10.599998,-11.679999,-12.84],[-11.759999,-10.599998,-9.519999,-8.5199995,-7.5999994,-6.7599993,-5.999999,-5.3199997,-4.7199993,-4.199999,-3.7599993,-3.3999991,-3.1199994,-2.9199991,-2.7999992,-2.7599993,-2.7999992,-2.9199991,-3.1199994,-3.3999991,-3.7599993,-4.199999,-4.7199993,-5.3199997,-5.999999,-6.7599993,-7.5999994,-8.5199995,-9.519999,-10.599998,-11.759999],[-10.76,-9.6,-8.5199995,-7.5200005,-6.6000004,-5.76,-5.0,-4.3200006,-3.7200003,-3.2000003,-2.7600002,-2.4,-2.1200004,-1.9200001,-1.8000002,-1.7600002,-1.8000002,-1.9200001,-2.1200004,-2.4,-2.7600002,-3.2000003,-3.7200003,-4.3200006,-5.0,-5.76,-6.6000004,-7.5200005,-8.5199995,-9.6,-10.76],[-9.84,-8.68,-7.5999994,-6.6000004,-5.6800003,-4.84,-4.08,-3.4000006,-2.8000002,-2.2800002,-1.8400002,-1.48,-1.2000003,-1.0,-0.8800001,-0.84000015,-0.8800001,-1.0,-1.2000003,-1.48,-1.8400002,-2.2800002,-2.8000002,-3.4000006,-4.08,-4.84,-5.6800003,-6.6000004,-7.5999994,-8.68,-9.84],[-9.0,-7.84,-6.7599993,-5.76,-4.84,-4.0,-3.2399998,-2.5600004,-1.96,-1.44,-1.0,-0.63999987,-0.36000013,-0.15999985,-0.03999996,0.0,-0.03999996,-0.15999985,-0.36000013,-0.63999987,-1.0,-1.44,-1.96,-2.5600004,-3.2399998,-4.0,-4.84,-5.76,-6.7599993,-7.84,-9.0],[-8.24,-7.08,-5.999999,-5.0,-4.08,-3.2399998,-2.4799995,-1.8000002,-1.1999998,-0.6799998,-0.23999977,0.120000124,0.4000001,0.60000014,0.72000027,0.7600002,0.72000027,0.60000014,0.4000001,0.120000124,-0.23999977,-0.6799998,-1.1999998,-1.8000002,-2.4799995,-3.2399998,-4.08,-5.0,-5.999999,-7.08,-8.24],[-7.5600004,-6.3999996,-5.3199997,-4.3200006,-3.4000006,-2.5600004,-1.8000002,-1.1200004,-0.52,0.0,0.43999982,0.7999997,1.0799999,1.2799997,1.3999999,1.4399998,1.3999999,1.2799997,1.0799999,0.7999997,0.43999982,0.0,-0.52,-1.1200004,-1.8000002,-2.5600004,-3.4000006,-4.3200006,-5.3199997,-6.3999996,-7.5600004],[-6.96,-5.799999,-4.7199993,-3.7200003,-2.8000002,-1.96,-1.1999998,-0.52,0.08000016,0.5999999,1.04,1.4000001,1.6800001,1.8800001,2.0,2.04,2.0,1.8800001,1.6800001,1.4000001,1.04,0.5999999,0.08000016,-0.52,-1.1999998,-1.96,-2.8000002,-3.7200003,-4.7199993,-5.799999,-6.96],[-6.4400005,-5.2799997,-4.199999,-3.2000003,-2.2800002,-1.44,-0.6799998,0.0,0.5999999,1.1199999,1.56,1.9199998,2.1999998,2.4,2.52,2.56,2.52,2.4,2.1999998,1.9199998,1.56,1.1199999,0.5999999,0.0,-0.6799998,-1.44,-2.2800002,-3.2000003,-4.199999,-5.2799997,-6.4400005],[-6.0,-4.84,-3.7599993,-2.7600002,-1.8400002,-1.0,-0.23999977,0.43999982,1.04,1.56,2.0,2.36,2.6399999,2.8400002,2.96,3.0,2.96,2.8400002,2.6399999,2.36,2.0,1.56,1.04,0.43999982,-0.23999977,-1.0,-1.8400002,-2.7600002,-3.7599993,-4.84,-6.0],[-5.6400003,-4.4799995,-3.3999991,-2.4,-1.48,-0.63999987,0.120000124,0.7999997,1.4000001,1.9199998,2.36,2.7199998,3.0,3.1999998,3.32,3.36,3.32,3.1999998,3.0,2.7199998,2.36,1.9199998,1.4000001,0.7999997,0.120000124,-0.63999987,-1.48,-2.4,-3.3999991,-4.4799995,-5.6400003],[-5.3599997,-4.2,-3.1199994,-2.1200004,-1.2000003,-0.36000013,0.4000001,1.0799999,1.6800001,2.1999998,2.6399999,3.0,3.28,3.48,3.6,3.6399999,3.6,3.48,3.28,3.0,2.6399999,2.1999998,1.6800001,1.0799999,0.4000001,-0.36000013,-1.2000003,-2.1200004,-3.1199994,-4.2,-5.3599997],[-5.16,-3.9999995,-2.9199991,-1.9200001,-1.0,-0.15999985,0.60000014,1.2799997,1.8800001,2.4,2.8400002,3.1999998,3.48,3.68,3.8,3.84,3.8,3.68,3.48,3.1999998,2.8400002,2.4,1.8800001,1.2799997,0.60000014,-0.15999985,-1.0,-1.9200001,-2.9199991,-3.9999995,-5.16],[-5.04,-3.8799996,-2.7999992,-1.8000002,-0.8800001,-0.03999996,0.72000027,1.3999999,2.0,2.52,2.96,3.32,3.6,3.8,3.92,3.96,3.92,3.8,3.6,3.32,2.96,2.52,2.0,1.3999999,0.72000027,-0.03999996,-0.8800001,-1.8000002,-2.7999992,-3.8799996,-5.04],[-5.0,-3.8399997,-2.7599993,-1.7600002,-0.84000015,0.0,0.7600002,1.4399998,2.04,2.56,3.0,3.36,3.6399999,3.84,3.96,4.0,3.96,3.84,3.6399999,3.36,3.0,2.56,2.04,1.4399998,0.7600002,0.0,-0.84000015,-1.7600002,-2.7599993,-3.8399997,-5.0],[-5.04,-3.8799996,-2.7999992,-1.8000002,-0.8800001,-0.03999996,0.72000027,1.3999999,2.0,2.52,2.96,3.32,3.6,3.8,3.92,3.96,3.92,3.8,3.6,3.32,2.96,2.52,2.0,1.3999999,0.72000027,-0.03999996,-0.8800001,-1.8000002,-2.7999992,-3.8799996,-5.04],[-5.16,-3.9999995,-2.9199991,-1.9200001,-1.0,-0.15999985,0.60000014,1.2799997,1.8800001,2.4,2.8400002,3.1999998,3.48,3.68,3.8,3.84,3.8,3.68,3.48,3.1999998,2.8400002,2.4,1.8800001,1.2799997,0.60000014,-0.15999985,-1.0,-1.9200001,-2.9199991,-3.9999995,-5.16],[-5.3599997,-4.2,-3.1199994,-2.1200004,-1.2000003,-0.36000013,0.4000001,1.0799999,1.6800001,2.1999998,2.6399999,3.0,3.28,3.48,3.6,3.6399999,3.6,3.48,3.28,3.0,2.6399999,2.1999998,1.6800001,1.0799999,0.4000001,-0.36000013,-1.2000003,-2.1200004,-3.1199994,-4.2,-5.3599997],[-5.6400003,-4.4799995,-3.3999991,-2.4,-1.48,-0.63999987,0.120000124,0.7999997,1.4000001,1.9199998,2.36,2.7199998,3.0,3.1999998,3.32,3.36,3.32,3.1999998,3.0,2.7199998,2.36,1.9199998,1.4000001,0.7999997,0.120000124,-0.63999987,-1.48,-2.4,-3.3999991,-4.4799995,-5.6400003],[-6.0,-4.84,-3.7599993,-2.7600002,-1.8400002,-1.0,-0.23999977,0.43999982,1.04,1.56,2.0,2.36,2.6399999,2.8400002,2.96,3.0,2.96,2.8400002,2.6399999,2.36,2.0,1.56,1.04,0.43999982,-0.23999977,-1.0,-1.8400002,-2.7600002,-3.7599993,-4.84,-6.0],[-6.4400005,-5.2799997,-4.199999,-3.2000003,-2.2800002,-1.44,-0.6799998,0.0,0.5999999,1.1199999,1.56,1.9199998,2.1999998,2.4,2.52,2.56,2.52,2.4,2.1999998,1.9199998,1.56,1.1199999,0.5999999,0.0,-0.6799998,-1.44,-2.2800002,-3.2000003,-4.199999,-5.2799997,-6.4400005],[-6.96,-5.799999,-4.7199993,-3.7200003,-2.8000002,-1.96,-1.1999998,-0.52,0.08000016,0.5999999,1.04,1.4000001,1.6800001,1.8800001,2.0,2.04,2.0,1.8800001,1.6800001,1.4000001,1.04,0.5999999,0.08000016,-0.52,-1.1999998,-1.96,-2.8000002,-3.7200003,-4.7199993,-5.799999,-6.96],[-7.5600004,-6.3999996,-5.3199997,-4.3200006,-3.4000006,-2.5600004,-1.8000002,-1.1200004,-0.52,0.0,0.43999982,0.7999997,1.0799999,1.2799997,1.3999999,1.4399998,1.3999999,1.2799997,1.0799999,0.7999997,0.43999982,0.0,-0.52,-1.1200004,-1.8000002,-2.5600004,-3.4000006,-4.3200006,-5.3199997,-6.3999996,-7.5600004],[-8.24,-7.08,-5.999999,-5.0,-4.08,-3.2399998,-2.4799995,-1.8000002,-1.1999998,-0.6799998,-0.23999977,0.120000124,0.4000001,0.60000014,0.72000027,0.7600002,0.72000027,0.60000014,0.4000001,0.120000124,-0.23999977,-0.6799998,-1.1999998,-1.8000002,-2.4799995,-3.2399998,-4.08,-5.0,-5.999999,-7.08,-8.24],[-9.0,-7.84,-6.7599993,-5.76,-4.84,-4.0,-3.2399998,-2.5600004,-1.96,-1.44,-1.0,-0.63999987,-0.36000013,-0.15999985,-0.03999996,0.0,-0.03999996,-0.15999985,-0.36000013,-0.63999987,-1.0,-1.44,-1.96,-2.5600004,-3.2399998,-4.0,-4.84,-5.76,-6.7599993,-7.84,-9.0],[-9.84,-8.68,-7.5999994,-6.6000004,-5.6800003,-4.84,-4.08,-3.4000006,-2.8000002,-2.2800002,-1.8400002,-1.48,-1.2000003,-1.0,-0.8800001,-0.84000015,-0.8800001,-1.0,-1.2000003,-1.48,-1.8400002,-2.2800002,-2.8000002,-3.4000006,-4.08,-4.84,-5.6800003,-6.6000004,-7.5999994,-8.68,-9.84],[-10.76,-9.6,-8.5199995,-7.5200005,-6.6000004,-5.76,-5.0,-4.3200006,-3.7200003,-3.2000003,-2.7600002,-2.4,-2.1200004,-1.9200001,-1.8000002,-1.7600002,-1.8000002,-1.9200001,-2.1200004,-2.4,-2.7600002,-3.2000003,-3.7200003,-4.3200006,-5.0,-5.76,-6.6000004,-7.5200005,-8.5199995,-9.6,-10.76],[-11.759999,-10.599998,-9.519999,-8.5199995,-7.5999994,-6.7599993,-5.999999,-5.3199997,-4.7199993,-4.199999,-3.7599993,-3.3999991,-3.1199994,-2.9199991,-2.7999992,-2.7599993,-2.7999992,-2.9199991,-3.1199994,-3.3999991,-3.7599993,-4.199999,-4.7199993,-5.3199997,-5.999999,-6.7599993,-7.5999994,-8.5199995,-9.519999,-10.599998,-11.759999],[-12.84,-11.679999,-10.599998,-9.6,-8.68,-7.84,-7.08,-6.3999996,-5.799999,-5.2799997,-4.84,-4.4799995,-4.2,-3.9999995,-3.8799996,-3.8399997,-3.8799996,-3.9999995,-4.2,-4.4799995,-4.84,-5.2799997,-5.799999,-6.3999996,-7.08,-7.84,-8.68,-9.6,-10.599998,-11.679999,-12.84],[-14.0,-12.84,-11.759999,-10.76,-9.84,-9.0,-8.24,-7.5600004,-6.96,-6.4400005,-6.0,-5.6400003,-5.3599997,-5.16,-5.04,-5.0,-5.04,-5.16,-5.3599997,-5.6400003,-6.0,-6.4400005,-6.96,-7.5600004,-8.24,-9.0,-9.84,-10.76,-11.759999,-12.84,-14.0]],"x":[-3.0,-2.8,-2.6,-2.4,-2.2,-2.0,-1.8,-1.6,-1.4,-1.2,-1.0,-0.8,-0.6,-0.4,-0.2,0.0,0.2,0.4,0.6,0.8,1.0,1.2,1.4,1.6,1.8,2.0,2.2,2.4,2.6,2.8,3.0]}],
        {"template":{"layout":{"coloraxis":{"colorbar":{"ticks":"","outlinewidth":0}},"xaxis":{"gridcolor":"white","zerolinewidth":2,"title":{"standoff":15},"ticks":"","zerolinecolor":"white","automargin":true,"linecolor":"white"},"hovermode":"closest","paper_bgcolor":"white","geo":{"showlakes":true,"showland":true,"landcolor":"#E5ECF6","bgcolor":"white","subunitcolor":"white","lakecolor":"white"},"colorscale":{"sequential":[[0.0,"#0d0887"],[0.1111111111111111,"#46039f"],[0.2222222222222222,"#7201a8"],[0.3333333333333333,"#9c179e"],[0.4444444444444444,"#bd3786"],[0.5555555555555556,"#d8576b"],[0.6666666666666666,"#ed7953"],[0.7777777777777778,"#fb9f3a"],[0.8888888888888888,"#fdca26"],[1.0,"#f0f921"]],"diverging":[[0,"#8e0152"],[0.1,"#c51b7d"],[0.2,"#de77ae"],[0.3,"#f1b6da"],[0.4,"#fde0ef"],[0.5,"#f7f7f7"],[0.6,"#e6f5d0"],[0.7,"#b8e186"],[0.8,"#7fbc41"],[0.9,"#4d9221"],[1,"#276419"]],"sequentialminus":[[0.0,"#0d0887"],[0.1111111111111111,"#46039f"],[0.2222222222222222,"#7201a8"],[0.3333333333333333,"#9c179e"],[0.4444444444444444,"#bd3786"],[0.5555555555555556,"#d8576b"],[0.6666666666666666,"#ed7953"],[0.7777777777777778,"#fb9f3a"],[0.8888888888888888,"#fdca26"],[1.0,"#f0f921"]]},"yaxis":{"gridcolor":"white","zerolinewidth":2,"title":{"standoff":15},"ticks":"","zerolinecolor":"white","automargin":true,"linecolor":"white"},"shapedefaults":{"line":{"color":"#2a3f5f"}},"hoverlabel":{"align":"left"},"mapbox":{"style":"light"},"polar":{"angularaxis":{"gridcolor":"white","ticks":"","linecolor":"white"},"bgcolor":"#E5ECF6","radialaxis":{"gridcolor":"white","ticks":"","linecolor":"white"}},"autotypenumbers":"strict","font":{"color":"#2a3f5f"},"ternary":{"baxis":{"gridcolor":"white","ticks":"","linecolor":"white"},"bgcolor":"#E5ECF6","caxis":{"gridcolor":"white","ticks":"","linecolor":"white"},"aaxis":{"gridcolor":"white","ticks":"","linecolor":"white"}},"annotationdefaults":{"arrowhead":0,"arrowwidth":1,"arrowcolor":"#2a3f5f"},"plot_bgcolor":"#E5ECF6","title":{"x":0.05},"scene":{"xaxis":{"gridcolor":"white","gridwidth":2,"backgroundcolor":"#E5ECF6","ticks":"","showbackground":true,"zerolinecolor":"white","linecolor":"white"},"zaxis":{"gridcolor":"white","gridwidth":2,"backgroundcolor":"#E5ECF6","ticks":"","showbackground":true,"zerolinecolor":"white","linecolor":"white"},"yaxis":{"gridcolor":"white","gridwidth":2,"backgroundcolor":"#E5ECF6","ticks":"","showbackground":true,"zerolinecolor":"white","linecolor":"white"}},"colorway":["#636efa","#EF553B","#00cc96","#ab63fa","#FFA15A","#19d3f3","#FF6692","#B6E880","#FF97FF","#FECB52"]},"data":{"barpolar":[{"type":"barpolar","marker":{"line":{"color":"#E5ECF6","width":0.5}}}],"carpet":[{"aaxis":{"gridcolor":"white","endlinecolor":"#2a3f5f","minorgridcolor":"white","startlinecolor":"#2a3f5f","linecolor":"white"},"type":"carpet","baxis":{"gridcolor":"white","endlinecolor":"#2a3f5f","minorgridcolor":"white","startlinecolor":"#2a3f5f","linecolor":"white"}}],"scatterpolar":[{"type":"scatterpolar","marker":{"colorbar":{"ticks":"","outlinewidth":0}}}],"parcoords":[{"line":{"colorbar":{"ticks":"","outlinewidth":0}},"type":"parcoords"}],"scatter":[{"type":"scatter","marker":{"colorbar":{"ticks":"","outlinewidth":0}}}],"histogram2dcontour":[{"colorbar":{"ticks":"","outlinewidth":0},"type":"histogram2dcontour","colorscale":[[0.0,"#0d0887"],[0.1111111111111111,"#46039f"],[0.2222222222222222,"#7201a8"],[0.3333333333333333,"#9c179e"],[0.4444444444444444,"#bd3786"],[0.5555555555555556,"#d8576b"],[0.6666666666666666,"#ed7953"],[0.7777777777777778,"#fb9f3a"],[0.8888888888888888,"#fdca26"],[1.0,"#f0f921"]]}],"contour":[{"colorbar":{"ticks":"","outlinewidth":0},"type":"contour","colorscale":[[0.0,"#0d0887"],[0.1111111111111111,"#46039f"],[0.2222222222222222,"#7201a8"],[0.3333333333333333,"#9c179e"],[0.4444444444444444,"#bd3786"],[0.5555555555555556,"#d8576b"],[0.6666666666666666,"#ed7953"],[0.7777777777777778,"#fb9f3a"],[0.8888888888888888,"#fdca26"],[1.0,"#f0f921"]]}],"scattercarpet":[{"type":"scattercarpet","marker":{"colorbar":{"ticks":"","outlinewidth":0}}}],"mesh3d":[{"colorbar":{"ticks":"","outlinewidth":0},"type":"mesh3d"}],"surface":[{"colorbar":{"ticks":"","outlinewidth":0},"type":"surface","colorscale":[[0.0,"#0d0887"],[0.1111111111111111,"#46039f"],[0.2222222222222222,"#7201a8"],[0.3333333333333333,"#9c179e"],[0.4444444444444444,"#bd3786"],[0.5555555555555556,"#d8576b"],[0.6666666666666666,"#ed7953"],[0.7777777777777778,"#fb9f3a"],[0.8888888888888888,"#fdca26"],[1.0,"#f0f921"]]}],"scattermapbox":[{"type":"scattermapbox","marker":{"colorbar":{"ticks":"","outlinewidth":0}}}],"scattergeo":[{"type":"scattergeo","marker":{"colorbar":{"ticks":"","outlinewidth":0}}}],"histogram":[{"type":"histogram","marker":{"colorbar":{"ticks":"","outlinewidth":0}}}],"pie":[{"type":"pie","automargin":true}],"choropleth":[{"colorbar":{"ticks":"","outlinewidth":0},"type":"choropleth"}],"heatmapgl":[{"colorbar":{"ticks":"","outlinewidth":0},"type":"heatmapgl","colorscale":[[0.0,"#0d0887"],[0.1111111111111111,"#46039f"],[0.2222222222222222,"#7201a8"],[0.3333333333333333,"#9c179e"],[0.4444444444444444,"#bd3786"],[0.5555555555555556,"#d8576b"],[0.6666666666666666,"#ed7953"],[0.7777777777777778,"#fb9f3a"],[0.8888888888888888,"#fdca26"],[1.0,"#f0f921"]]}],"bar":[{"type":"bar","error_y":{"color":"#2a3f5f"},"error_x":{"color":"#2a3f5f"},"marker":{"line":{"color":"#E5ECF6","width":0.5}}}],"heatmap":[{"colorbar":{"ticks":"","outlinewidth":0},"type":"heatmap","colorscale":[[0.0,"#0d0887"],[0.1111111111111111,"#46039f"],[0.2222222222222222,"#7201a8"],[0.3333333333333333,"#9c179e"],[0.4444444444444444,"#bd3786"],[0.5555555555555556,"#d8576b"],[0.6666666666666666,"#ed7953"],[0.7777777777777778,"#fb9f3a"],[0.8888888888888888,"#fdca26"],[1.0,"#f0f921"]]}],"contourcarpet":[{"colorbar":{"ticks":"","outlinewidth":0},"type":"contourcarpet"}],"table":[{"type":"table","header":{"line":{"color":"white"},"fill":{"color":"#C8D4E3"}},"cells":{"line":{"color":"white"},"fill":{"color":"#EBF0F8"}}}],"scatter3d":[{"line":{"colorbar":{"ticks":"","outlinewidth":0}},"type":"scatter3d","marker":{"colorbar":{"ticks":"","outlinewidth":0}}}],"scattergl":[{"type":"scattergl","marker":{"colorbar":{"ticks":"","outlinewidth":0}}}],"histogram2d":[{"colorbar":{"ticks":"","outlinewidth":0},"type":"histogram2d","colorscale":[[0.0,"#0d0887"],[0.1111111111111111,"#46039f"],[0.2222222222222222,"#7201a8"],[0.3333333333333333,"#9c179e"],[0.4444444444444444,"#bd3786"],[0.5555555555555556,"#d8576b"],[0.6666666666666666,"#ed7953"],[0.7777777777777778,"#fb9f3a"],[0.8888888888888888,"#fdca26"],[1.0,"#f0f921"]]}],"scatterternary":[{"type":"scatterternary","marker":{"colorbar":{"ticks":"","outlinewidth":0}}}],"scatterpolargl":[{"type":"scatterpolargl","marker":{"colorbar":{"ticks":"","outlinewidth":0}}}]}},"scene":{"xaxis":{"title":{"text":"State s1"}},"yaxis":{"title":{"text":"State s2"}},"zaxis":{"title":{"text":"h(s)"}}},"margin":{"l":50,"b":50,"r":50,"t":60},"title":"CBF Safety Set Manifold (3D)"},
        {"editable":false,"responsive":true,"staticPlot":false,"scrollZoom":true},
    )
}

        
    </script>
</div>

</body>
</html>